0 77146.0 [170, 444] [ 0.1947  0.0086  0.0014  0.0002  0.      0.     -0.    ]
0 - 1 171.8 318.3
0 - 2 177.1 498.7
0 - 3 179.6 639.0
0 - 4 176.7 745.3
1 13897.0 [485, 490] [ 0.2193  0.0202  0.0004  0.0001  0.      0.     -0.    ]
1 - 2 6.2 184.1
1 - 3 7.2 326.6
1 - 4 0.3 429.0
2 12323.0 [668, 470] [ 0.5962  0.3242  0.0295  0.0241  0.0006  0.0134 -0.    ]
2 - 3 8.5 142.6
2 - 4 175.9 246.7
3 22669.0 [809, 449] [ 0.622   0.3586  0.0066  0.0055  0.      0.0033 -0.    ]
3 - 4 159.7 112.0
4 30404.0 [914, 488] [ 0.2429  0.022   0.0066  0.0008  0.      0.0001 -0.    ]
adjacency_matrix [[0 1 1 1 1]
 [1 0 1 1 1]
 [1 1 0 1 1]
 [1 1 1 0 1]
 [1 1 1 1 0]]